608
084
599
751
931
496
766
613
919
398
232
605
654
454
419
836
076
777
271
563
180
015
144
584
965
922
873
799
711
102
592
272
936
334
725
230
581
136
163
857
153
607
714
160
699
630
356
074
861
515
624
250
760
791
560
289
239
301
467
046
864
215
006
539
441
803
700
097
531
363
341
848
651
541
000
134
533
908
332
825
331
286
120
513
423
218
175
967
018
501
623
204
211
597
566
140
259
620
938
325
508
423
424
259
754
214
420
041
598
213
675
928
162
417
847
047
219
324
682
779
782
895
674
445
946
243
226
565
407
257
294
961
617
154
788
488
258
693
690
000
331
474
812
133
272
038
673
347
860
262
048
730
638
804
917
664
517
302
766
613
986
692
827
721
525
098
703
867
731
690
615
574
918
758
700
469
237
895
000
440
822
155
176
365
199
992
113
098
432
289
540
675
900
913
742
094
749
941
280
648
831
253
888
736
230
483
883
820
653
471
299
424
506
071
573
451
799
536
188
817
414
855
300
053
627
116
297
829
030
205
981
350
062
948
211
893
549
491
127
952
606
911
455
042
991
289
654
226
358
690
553
546
257
584
562
911
343
512
925
824
486
008
705
564
750
061
536
491
300
635
944
906
141
076
073
079
782
617
760
073
320
360
429
434
195
133
399
631
685
721
532
670
112
241
689
485
046
694
222
365
139
222
649
878
642
302
330
710
631
385
966
097
015
358
360
500
408
444
067
438
941
255
074
192
141
601
155
811
906
283
536
908
154
193
789
363
071
600
605
274
789
104
860
016
339
456
104
953
423
242
164
001
643
695
917
843
007
410
827
938
814
197
304
512
689
633
071
046
743
369
710
081
887
209
877
906
839
139
191
982
539
823
174
236
569
137
197
859
005
095
207
143
591
151
324
320
944
803
850
131
621
387
403
426
913
156
256
705
029
619
287
024
859
601
998
234
630
767
846
588
555
480
885
698
866
416
394
237
030
611
622
731
529
006
849
452
076
368
833
281
928
208
294
242
092
830
916
394
139
102
514
187
448
718
104
861
725
496
211
323
614
454
678
918
870
117
129
690
725
069
222
798
130
857
121
348
210
212
083
621
093
446
151
806
751
275
941
776
087
013
863
297
340
218
043
940
986
873
037
493
060
983
176
738
402
292
296
365
268
968
269
761
792
265
943
552
732
901
337
009
540
411
727
425
624
663
398
536
313
235
641
126
417
033
709
175
365
280
817
341
040
799
277
634
685
714
105
685
374
792
324
061
534
099
428
205
915
972
186
909
343
359
672
729
253
770
563
893
969
960
331
212
320
484
120
365
572
657
176
809
870
132
456
880
743
373
256
074
916
647
524
495
166
939
751
187
250
688
935
558
080
865
813
048
557
050
474
001
573
320
652
261
826
665
622
268
734
426
565
105
183
001
000
682
286
139
020
585
627
582
431
762
047
727
907
416
130
059
398
121
494
070
413
222
802
819
991
710
511
581
405
605
042
381
692
183
471
790
209
863
172
530
232
147
590
512
678
357
306
889
176
354
315
572
882
692
401
848
950
286
529
402
291
883
671
913
246
372
920
434
808
592
700
517
423
329
325
390
503
715
119
624
601
095
863
193
792
871
847
302
482
406
674
773
128
711
072
811
128
627
254
029
977
066
021
292
366
679
445
183
961
076
805
855
733
854
252
163
145
647
913
815
324
018
520
932
909
193
185
898
658
074
084
976
500
805
065
307
377
326
706
380
393
349
178
424
330
857
025
728
521
469
082
262
929
327
568
957
236
615
644
829
484
457
930
109
646
197
260
337
241
434
120
164
520
929
751
994
361
070
440
291
671
356
183
470
924
348
788
855
303
915
497
449
931
556
342
503
762
882
471
807
262
888
804
670
062
333
432
314
050
059
204
492
303
139
239
995
111
740
175
888
976
266
700
671
689
455
084
227
865
696
616
053
610
613
976
628
346
361
596
146
463
386
332
269
195
656
818
981
687
747
650
867
142
682
324
041
890
053
541
568
279
197
698
909
798
430
361
444
255
417
834
520
448
336
349
140
683
191
125
201
371
022
302
248
642
564
540
483
284
436
492
513
114
968
059
581
061
113
669
683
251
182
174
802
811
675
887
080
052
149
472
194
536
949
627
820
176
840
188
047
286
205
251
474
548
714
466
263
429
664
577
350
890
258
670
539
972
617
593
210
647
717
286
340
504
946
581
146
463
495
968
094
389
524
815
988
772
026
527
618
679
430
307
831
803
718
825
677
333
922
525
434
434
304
597
486
008
602
728
994
801
494
737
467
293
450
558
797
035
199
752
217
632
371
594
986
111
623
244
001
445
440
076
879
460
534
522
613
593
263
589
925
829
884
748
155
653
455
970
476
359
605
992
527
073
464
145
616
049
774
830
339
297
368
217
293
952
694
309
068
280
517
624
874
001
650
560
956
253
227
131
838
148
486
572
197
608
554
155
396
356
428
805
449
387
357
005
114
234
505
839
995
032
237
320
957
836
987
623
910
087
642
402
861
192
349
805
962
933
827
262
586
941
328
617
715
177
694
235
702
382
395
900
869
011
334
530
263
471
681
224
832
323
976
545
600
689
595
315
505
327
987
538
574
282
000
417
976
129
942
774
610
460
876
582
944
333
618
112
888
598
226
145
546
358
654
828
088
337
213
120
360
900
569
457
364
733
945
463
333
721
539
713
448
256
492
260
160
903
573
728
849
778
612
483
116
685
020
835
865
735
689
797
177
137
904
045
478
775
185
760
811
718
130
328
587
368
140
938
351
791
581
973
010
903
529
522
032
947
243
891
220
914
913
179
015
225
011
307
307
554
360
648
180
647
749
837
230
891
372
099
037
832
565
216
539
924
714
650
713
616
810
306
468
883
398
307
660
692
268
849
355
329
536
659
887
744
495
404
680
746
874
555
920
524
042
050
024
304
323
542
632
100
163
930
276
908
671
299
426
537
225
265
194
554
124
047
122
106
564
210
946
350
585
392
370
962
129
848
998
832
445
486
549
365
681
702
424
033
234
238
119
459
395
899
111
560
491
559
500
709
730
657
084
952
729
048
567
525
667
448
323
866
060
893
898
531
265
677
421
185
024
992
384
321
391
650
624
592
746
450
674
747
919
635
048
785
252
346
067
637
769
982
803
495
906
483
695
706
738
175
900
391
731
451
672
056
914
558
288
621
960
315
621
710
821
561
783
529
420
283
505
659
270
686
018
914
408
868
149
336
059
634
511
471
653
475
076
572
750
350
475
932
133
690
382
941
727
045
809
997
558
701
362
250
055
976
862
192
971
918
525
781
639
558
405
177
939
975
250
691
903
485
079
227
688
221
640
838
154
094
470
059
498
856
208
579
253
184
369
239
483
264
208
071
280
963
385
249
947
696
626
912
770
808
194
994
098
261
649
933
020
510
180
911
866
543
885
230
173
359
462
180
814
550
013
256
483
119
428
353
729
351
957
339
797
740
293
883
093
118
406
139
858
810
132
301
313
057
242
784
788
681
940
226
644
831
175
067
287
287
996
545
959
517
798
147
007
999
332
764
645
032
762
644
646
723
210
527
525
819
880
817
699
702
552
647
460
211
073
904
649
213
508
527
167
000
198
012
793
582
697
988
723
665
126
094
346
094
784
316
975
486
923
666
994
456
719
025
932
563
123
021
842
688
337
433
124
817
720
185
237
450
657
109
310
331
373
679
835
361
753
341
135
726
242
435
102
436
664
872
172
188
065
816
011
225
751
992
108
244
025
993
693
716
934
319
208
888
833
602
702
257
193
548
809
115
216
844
488
268
403
483
406
361
977
387
265
065
447
299
143
656
499
418
147
731
612
481
966
556
340
657
850
687
973
709
739
942
531
724
813
204
341
042
414
268
996
989
963
518
758
288
039
259
389
626
123
835
654
434
056
553
670
392
212
452
322
428
641
122
959
255
677
729
298
775
210
969
861
050
825
779
021
532
249
045
125
092
868
041
977
555
053
045
503
517
192
837
855
122
168
136
083
048
903
461
236
686
602
853
152
846
815
739
857
603
968
805
382
905
897
059
704
674
975
821
101
844
496
668
174
062
378
096
708
789
421
212
333
873
255
124
374
737
876
762
006
203
762
104
263
163
673
639
597
990
612
567
374
593
991
186
324
194
794
175
336
754
026
329
584
977
889
654
573
573
832
805
691
468
871
595
260
298
928
851
946
241
798
929
519
503
076
742
399
630
891
201
941
026
523
789
241
729
592
013
048
007
982
950
545
173
898
042
326
354
292
549
491
643
342
733
102
806
234
462
364
418
188
113
670
039
558
161
863
126
864
350
821
283
442
983
165
912
972
167
637
022
089
907
901
806
785
827
458
232
206
082
170
631
759
278
125
726
979
290
507
381
592
559
003
185
673
096
085
700
085
065
252
166
919
873
999
649
118
872
493
322
579
484
073
899
373
509
542
915
682
900
359
286
370
999
875
367
102
458
796
144
485
857
709
385
290
905
508
940
004
840
936
381
033
309
221
015
966
613
677
588
398
985
368
820
139
395
099
905
222
067
739
191
210
997
129
264
400
509
106
126
779
652
792
914
606
528
532
390
684
516
013
624
993
668
415
104
507
234
751
515
753
431
532
097
808
784
136
391
835
820
183
106
583
423
687
004
789
255
249
098
649
947
307
808
012
829
567
177
659
553
655
102
340
592
657
660
627
150
525
581
982
909
225
807
151
193
917
218
787
438
608
116
544
379
199
434
368
832
488
007
805
612
822
575
096
911
570
643
452
257
582
094
249
706
805
262
069
893
923
775
793
152
815
860
552
183
455
369
998
238
756
589
494
011
225
132
416
117
041
238
475
459
571
901
099
629
650
023
793
640
268
778
101
181
397
197
298
169
974
032
082
870
711
044
253
866
132
238
229
502
428
815
145
470
369
084
038
836
368
089
956
496
616
359
975
014
539
980
534
914
268
559
399
842
132
008
249
358
721
214
523
579
169
978
977
514
972
680
309
164
202
210
555
732
436
369
694
513
070
783
327
961
643
796
869
908
295
589
177
252
940
746
590
260
030
894
274
066
399
177
777
751
158
541
077
947
303
454
157
063
976
063
872
828
726
615
809
902
404
288
101
174
720
987
997
817
816
473
985
525
014
050
440
333
905
441
522
323
755
678
324
889
337
247
874
246
762
979
653
980
463
028
651
517
772
869
098
296
911
958
767
480
824
182
462
472
507
515
465
083
454
412
784
902
813
606
319
252
010
433
778
191
639
441
154
767
585
781
687
190
307
885
868
119
099
668
044
473
104
276
182
409
706
454
336
823
912
221
299
863
638
387
495
060
086
343
289
512
040
099
464
850
929
408
459
996
500
341
098
472
667
200
361
446
889
275
655
808
024
626
557
225
266
648
477
203
919
521
149
722
989
524
274
967
498
861
012
660
864
864
181
245
338
864
947
450
550
032
392
145
533
186
236
513
768
579
392
981
544
448
488
472
094
344
382
225
728
436
418
374
661
499
923
205
314
824
988
442
265
239
903
112
039
830
084
296
215
065
544
666
328
244
218
380
193
667
566
891
709
497
396
873
048
850
787
102
239
961
714
196
784
241
481
051
247
678
159
924
942
540
115
975
439
459
129
080
985
442
581
353
153
397
434
282
134
562
264
593
903
608
031
752
105
178
489
479
867
048
305
276
462
140
413
495
365
059
012
390
524
934
626
210
380
741
007
219
278
116
906
257
867
903
227
003
896
053
793
724
827
904
969
201
966
615
035
969
453
558
417
636
670
559
866
431
619
878
141
867
629
388
250
159
288
446
519
241
439
233
531
101
180
819
842
113
858
506
262
721
494
715
479
779
260
959
672
075
565
655
312
304
458
363
138
678
505
969
028
777
378
547
364
202
083
524
406
727
818
555
408
319
310
673
476
396
833
041
749
129
728
449
224
959
667
294
288
479
253
049
166
088
464
538
252
936
978
531
669
968
765
504
929
547
596
361
235
762
236
276
965
439
632
350
181
599
783
658
373
619
922
433
460
251
520
979
626
747
200
710
411
933
101
042
477
756
399
197
405
241
498
569
360
681
643
425
566
945
578
665
242
935
582
222
768
571
360
483
166
378
653
088
581
259
051
327
882
897
644
911
582
856
202
125
335
742
130
892
430
033
153
718
238
153
707
217
572
862
523
770
823
858
128
583
352
168
936
541
302
402
939
817
174
537
501
901
249
918
236
315
861
608
825
397
379
353
586
180
736
674
538
310
439
128
960
777
161
633
503
973
576
612
829
465
822
252
531
868
073
741
263
398
830
135
475
329
396
029
402
829
687
695
013
610
053
116
772
368
974
999
900
033
332
005
144
680
090
496
844
661
897
128
113
352
771
884
378
390
353
051
456
333
726
506
554
253
907
144
492
628
308
772
949
635
527
844
984
925
761
260
342
432
209
969
315
563
156
603
773
718
749
872
281
943
301
051
581
728
716
401
806
438
769
718
139
828
101
511
693
986
707
715
006
604
557
031
060
345
199
318
360
726
546
844
362
205
015
943
450
570
679
869
521
612
842
708
446
773
883
474
193
345
508
005
054
724
271
316
548
529
325
669
329
235
860
939
508
151
041
112
206
264
267
780
957
725
313
881
285
011
800
964
165
291
885
901
252
215
402
738
367
845
212
905
178
299
885
396
113
111
003
362
417
840
408
473
379
747
486
182
311
473
281
044
869
668
902
910
055
379
837
896
889
646
015
954
954
166
277
580
812
607
831
294
177
374
667
685
649
360
783
682
747
530
230
340
997
667
369
605
550
902
663
353
930
546
409
837
897
766
771
106
292
998
743
010
112
526
958
867
108
772
440
576
519
171
780
230
353
679
561
924
423
815
045
475
265
586
586
276
573
414
153
305
430
246
977
417
835
682
083
457
944
490
963
910
141
950
659
403
674
432
384
677
648
129
681
009
503
563
942
762
637
332
215
407
579
755
677
100
119
323
010
056
092
296
956
760
724
229
707
833
914
632
965
738
444
291
981
103
928
201
151
056
222
427
564
258
315
787
450
347
824
497
032
452
944
845
017
372
562
620
236
657
387
483
553
823
768
943
739
324
370
342
796
886
053
795
883
998
016
835
170
801
313
272
711
166
523
054
259
282
693
355
924
963
813
406
173
279
502
444
563
951
598
571
707
765
917
803
248
754
107
992
531
507
967
405
810
528
278
768
056
217
862
614
326
008
758
870
233
225
703
668
993
089
962
025
827
815
259
821
414
812
229
363
420
378
397
909
911
654
383
244
803
545
266
026
601
880
387
543
316
884
020
890
745
975
805
778
318
981
386
438
726
990
039
698
855
811
005
419
986
785
278
811
191
006
744
408
276
694
118
497
512
176
073
019
995
311
705
618
694
175
053
916
040
373
092
447
656
501
476
730
887
076
839
384
545
417
902
095
603
635
306
163
385
097
227
330
160
345
221
685
281
906
253
483
201
070
453
510
773
712
256
199
327
252
010
218
828
074
391
202
277
229
471
768
171
519
436
838
080
482
678
030
026
374
832
771
496
888
263
063
902
070
424
714
113
738
537
689
338
562
975
678
901
178
789
050
608
421
037
218
242
524
140
682
779
412
372
555
970
938
536
987
387
124
724
291
073
612
807
400
281
478
669
497
543
054
290
243
700
269
710
351
539
257
611
511
080
262
284
043
437
488
077
812
766
670
304
518
371
003
615
438
773
038
614
832
789
036
580
268
385
651
315
546
896
613
211
703
525
274
195
308
265
183
809
555
653
808
299
330
361
180
747
431
879
043
879
213
361
697
000
829
557
037
737
880
732
099
053
273
819
155
958
175
527
742
683
539
162
918
603
736
314
936
769
396
563
183
682
576
790
498
110
468
764
365
872
145
129
902
481
951
370
433
395
878
890
945
192
593
457
411
470
474
897
766
696
943
425
124
841
683
974
016
351
157
737
346
850
155
381
208
491
816
321
077
416
842
555
691
458
409
712
353
761
944
309
477
459
522
386
586
633
865
088
208
218
277
192
960
756
351
647
186
718
211
226
536
415
448
294
017
458
343
594
811
561
422
124
498
098
929
880
228
524
800
451
186
069
542
186
490
198
122
758
826
766
536
666
880
310
130
550
141
948
668
108
609
562
549
427
985
342
792
782
327
468
107
976
136
069
806
520
743
843
208
406
819
806
689
438
356
953
372
722
148
034
049
718
803
802
317
664
210
135
448
896
240
724
978
696
293
017
383
451
727
751
734
236
874
035
285
054
287
728
970
099
411
450
808
680
560
202
703
894
979
121
573
108
129
007
177
294
125
510
614
971
531
810
496
955
045
950
591
721
421
325
286
145
888
018
439
909
977
502
232
632
011
988
830
012
233
498
551
343
174
727
658
861
841
665
856
963
494
972
065
039
160
998
117
063
954
622
462
587
708
021
184
640
013
442
751
804
299
216
493
288
610
780
412
845
584
616
189
570
126
054
542
973
645
736
478
327
741
376
719
059
196
671
163
377
246
464
959
750
607
154
015
453
274
156
920
915
663
009
794
097
219
296
176
447
530
474
544
288
654
473
873
377
594
346
117
469
662
888
595
556
476
573
134
165
211
117
278
182
512
632
672
917
437
217
297
453
915
469
597
548
282
356
495
484
841
816
285
197
341
917
334
025
987
868
184
090
960
258
580
231
628
293
014
652
475
149
831
040
081
235
621
516
676
071
760
323
251
008
674
270
149
684
156
671
770
938
320
472
932
800
238
944
026
756
668
215
608
120
532
458
638
257
334
493
275
095
296
820
832
646
794
114
216
864
015
087
970
436
598
641
829
944
186
369
071
140
872
406
424
021
332
964
878
641
266
705
222
039
623
986
812
815
457
032
180
148
099
725
047
580
977
036
757
145
054
402
714
172
618
564
301
401
830
316
619
955
017
778
858
351
759
122
462
409
967
737
919
687
571
058
378
802
784
703
078
368
633
997
744
788
150
993
155
554
340
872
418
028
379
425
501
280
684
977
196
083
664
122
020
085
545
932
513
807
434
216
639
522
102
597
584
599
665
520
291
437
866
568
814
934
304
948
280
765
238
762
773
633
211
102
392
732
705
335
041
495
267
304
539
228
488
364
411
829
858
440
981
291
251
493
524
298
970
173
685
684
332
930
871
962
348
206
118
164
819
095
443
217
957
195
917
753
743
651
965
319
238
893
723
109
020
217
960
644
540
657
183
261
213
780
564
913
639
982
290
855
691
687
201
186
908
880
467
693
165
744
636
699
777
566
214
369
094
598
990
245
393
606
622
621
058
972
092
759
636
894
151
738
220
891
910
371
736
308
500
476
099
676
967
363
031
879
233
262
910
602
548
295
306
995
660
579
165
052
962
866
860
530
835
402
017
518
101
535
164
565
045
880
219
167
962
718
483
712
965
094
146
874
225
683
131
312
290
805
112
892
576
754
271
342
269
254
858
434
107
909
375
122
789
001
618
746
132
157
597
113
456
113
592
135
762
841
936
629
101
107
880
138
142
475
422
572
764
754
215
259
194
410
345
232
890
475
519
613
230
943
441
488
740
324
621
500
826
949
024
549
397
647
169
351
061
721
091
445
786
725
129
165
152
587
236
597
808
338
494
969
052
918
846
639
899
749
640
369
141
301
595
276
539
478
844
657
403
846
301
101
332
528
249
886
436
982
734
761
255
895
278
493
792
366
670
907
019
465
245
799
369
179
281
277
479
438
729
806
523
836
126
417
007
852
264
672
370
579
637
084
900
259
072
924
410
931
081
110
839
438
479
677
018
501
059
204
344
522
074
667
848
687
601
222
772
574
476
001
234
972
473
000
738
333
269
760
819
426
334
353
373
121
679
148
509
063
565
398
116
740
579
749
738
250
646
282
274
837
614
041
326
773
264
680
313
072
801
586
301
730
489
040
855
958
901
472
861
620
742
723
962
128
879
528
763
660
772
417
057
419
299
871
296
548
930
398
091
841
987
269
195
766
027
145
513
588
220
082
473
533
855
952
386
790
942
991
368
815
667
751
289
988
833
826
959
959
061
971
713
256
945
852
865
911
446
406
910
315
255
342
046
467
729
427
012
887
356
505
190
399
417
847
414
544
208
776
929
823
013
898
857
524
500
800
249
369
898
105
677
868
735
549
239
665
482
828
233
722
320
502
471
226
862
094
451
506
843
461
356
486
489
500
906
547
059
671
774
333
295
848
329
574
118
509
426
208
386
497
054
272
150
437
704
215
372
848
655
698
813
678
427
132
131
413
968
494
181
982
405
771
968
260
860
604
885
430
966
167
052
966
946
428
999
064
102
462
411
475
927
604
308
207
742
656
740
438
445
113
614
235
751
645
806
036
705
907
986
006
654
723
419
136
436
478
296
379
640
587
060
888
846
977
473
250
192
579
323
914
878
756
039
520
689
011
301
408
215
128
552
180
197
102
420
007
328
682
227
985
019
722
045
032
366
396
815
732
631
885
206
942
693
599
390
839
656
250
457
946
722
974
240
167
030
395
182
125
027
641
986
449
840
506
331
043
384
698
114
852
070
267
419
972
686
517
535
361
084
854
948
633
922
303
610
657
169
353
327
180
816
298
958
006
973
902
694
320
674
134
878
658
580
901
674
945
545
684
493
838
008
255
383
823
079
233
547
076
072
452
942
150
200
721
236
778
813
712
552
919
189
217
873
712
867
497
251
280
642
870
600
482
327
974
978
772
582
805
250
313
144
660
515
536
902
259
271
767
176
068
115
119
201
083
426
141
907
431
193
705
036
356
104
479
048
056
413
484
224
359
204
115
114
859
198
013
310
653
089
293
323
367
396
974
316
616
752
145
541
462
192
931
787
673
254
969
665
504
841
344
384
755
113
405
525
469
235
444
358
311
331
692
736
717
718
024
544
710
708
250
201
413
081
959
785
243
278
181
831
486
188
151
141
398
110
701
223
467
384
246
850
379
253
763
930
479
472
738
209
899
139
889
049
973
236
745
553
688
329
878
667
506
497
942
215
052
798
423
391
701
752
119
179
763
224
743
035
102
525
243
368
295
323
928
255
179
195
084
528
620
208
863
804
169
298
589
029
487
883
803
019
059
310
682
271
233
512
746
619
549
087
737
117
544
185
256
281
121
187
358
844
439
696
636
605
714
914
405
520
207
401
114
857
255
556
668
993
072
919
156
112
677
425
049
243
015
977
102
960
848
166
248
702
000
724
690
218
970
889
497
006
140
978
126
643
674
248
038
403
342
764
378
657
474
454
744
022
631
831
706
909
820
100
569
674
125
905
969
027
568
415
711
328
926
517
224
554
358
579
376
914
351
577
939
172
362
799
396
561
931
119
751
727
446
874
159
648
737
683
101
081
242
081
044
559
523
232
442
356
571
994
357
068
724
723
608
188
262
134
083
155
007
100
496
950
504
106
862
850
083
612
693
531
409
219
091
570
053
909
465
954
094
295
069
948
715
495
309
308
839
324
402
565
154
090
014
178
560
564
148
394
984
700
526
577
597
625
776
877
629
858
085
099
844
591
303
606
906
584
713
738
574
685
212
874
785
610
383
733
690
150
691
018
860
228
917
700
969
010
848
973
108
724
719
429
268
459
033
679
096
361
857
639
179
329
495
445
575
524
389
707
250
888
927
227
492
718
733
647
889
155
338
396
998
488
666
625
926
855
907
703
592
956
030
684
254
829
214
371
333
855
894
398
811
369
960
647
141
631
013
258
135
114
545
783
584
082
767
180
322
039
090
866
830
532
250
107
508
223
569
787
166
010
895
734
149
738
147
495
553
066
290
618
850
362
089
694
957
297
324
491
739
534
751
686
734
562
022
091
130
278
012
600
175
271
810
659
528
067
224
450
265
695
355
206
244
141
452
488
918
587
648
758
170
351
961
811
362
887
791
499
458
261
234
216
869
274
350
068
276
923
245
137
888
889
709
321
447
167
987
133
893
722
982
001
347
987
406
863
829
422
632
793
530
287
509
794
561
937
309
078
679
102
665
174
132
400
393
167
862
150
511
761
848
827
548
263
966
200
810
724
437
377
582
478
696
399
294
113
340
711
154
209
192
497
749
359
175
115
133
846
014
052
699
512
286
043
292
978
494
403
044
081
045
105
566
467
061
066
536
616
427
126
072
363
091
874
457
918
821
971
927
296
309
035
622
184
447
867
443
452
105
003
064
502
154
611
947
480
168
966
843
112
864
656
464
650
424
932
532
676
528
854
610
699
703
235
848
936
475
142
237
650
856
521
120
159
970
363
041
182
037
222
788
117
258
697
585
159
407
341
130
137
996
912
335
700
678
593
979
685
534
706
860
421
357
036
287
689
382
028
034
925
180
381
718
771
534
372
235
506
605
245
099
191
814
941
531
915
537
052
721
568
549
979
265
498
108
682
206
425
406
859
498
670
999
419
473
542
902
515
143
473
573
001
957
283
095
444
299
641
061
718
412
392
143
763
687
486
589
468
470
016
999
606
697
154
409
216
918
771
113
352
139
913
831
435
713
766
675
974
332
248
478
782
428
092
363
685
505
616
962
125
752
037
402
858
213
050
378
414
006
687
212
892
633
492
802
702
943
261
473
841
050
714
618
957
305
774
707
856
214
142
585
787
540
215
504
101
693
803
864
718
872
035
973
658
349
586
424
780
821
282
152
873
167
318
924
202
326
358
114
734
801
218
086
395
896
364
317
467
020
423
059
921
304
596
203
308
198
455
121
423
259
611
482
910
392
373
713
167
907
218
189
125
457
459
006
476
536
747
129
764
742
304
600
373
278
762
961
096
054
123
969
662
027
953
202
576
745
219
766
481
389
850
240
391
058
945
754
717
365
108
820
001
073
238
374
306
603
948
086
403
385
197
189
777
304
869
226
271
549
169
202
844
203
940
409
933
158
505
910
159
762
769
511
029
461
134
382
477
104
130
390
250
537
359
318
982
818
295
420
944
568
052
435
622
217
709
852
405
402
504
994
129
985
698
690
594
898
980
741
895
633
493
931
001
098
296
334
941
323
431
462
769
722
288
426
730
867
109
080
774
879
817
024
819
072
423
173
148
549
962
933
116
173
999
843
169
589
859
562
292
459
028
026
011
580
839
181
042
490
754
578
734
144
051
005
244
515
968
819
858
902
470
268
767
602
331
327
611
335
094
944
852
435
511
698
988
965
211
751
551
656
536
355
350
207
754
010
631
639
309
097
493
400
319
056
205
423
766
085
482
145
915
416
477
574
287
661
379
211
105
367
419
986
773
315
647
074
945
716
148
025
137
438
778
734
044
844
927
396
442
506
124
925
924
814
908
450
816
931
350
172
340
074
773
619
609
113
562
734
027
884
723
669
253
230
842
657
211
638
226
869
786
265
958
548
573
522
728
397
014
795
025
804
674
891
070
663
745
384
471
898
750
503
254
119
417
584
514
805
540
933
780
479
766
612
770
355
826
854
828
811
205
566
160
155
315
189
465
306
654
629
460
733
237
335
625
456
436
890
262
832
757
043
378
659
737
221
491
116
566
657
578
301
513
320
596
249
803
548
359
547
617
562
700
360
699
844
952
588
970
141
001
928
327
485
671
923
862
099
893
249
669
271
098
804
339
501
922
565
921
764
239
983
340
145
497
496
591
019
456
567
578
194
882
014
778
673
474
476
798
239
178
800
591
229
323
587
752
606
011
512
806
821
911
361
471
310
607
348
672
675
347
990
004
018
836
819
750
544
997
338
478
584
021
978
739
925
541
187
035
839
921
497
413
318
105
164
439
179
693
553
459
956
530
380
972
577
623
511
146
432
365
220
207
090
798
253
302
117
184
646
292
791
791
224
216
602
462
864
158
961
937
388
222
726
383
468
991
229
552
451
458
562
296
230
250
251
237
421
488
784
066
959
124
893
053
504
175
342
335
243
978
706
895
572
740
855
887
184
545
441
053
298
372
085
450
855
629
169
436
276
640
847
924
807
167
408
480
725
143
207
222
512
744
672
359
388
560
850
996
721
392
821
873
208
949
415
120
845
649
986
581
448
552
731
128
132
159
994
256
847
879
975
731
816
747
966
940
509
065
985
359
551
128
544
935
406
861
798
072
893
071
296
834
353
984
526
824
256
707
861
712
485
676
024
166
181
352
858
016
021
682
128
906
422
427
992
443
147
014
035
306
189
739
761
495
672
839
618
280
086
653
178
256
908
838
883
303
439
690
394
580
244
905
237
406
026
566
413
754
247
017
818
986
739
431
549
003
743
102
140
080
025
507
666
798
086
608
194
387
859
423
529
276
988
089
393
533
172
954
200
762
468
778
331
325
968
524
174
398
424
761
301
904
364
527
266
278
629
590
898
156
449
752
277
184
177
064
866
792
184
425
333
124
895
748
727
829
403
176
337
942
477
235
432
583
951
686
878
543
963
057
897
212
729
185
510
291
537
572
528
461
115
853
687
155
415
553
360
787
057
254
055
122
278
633
597
158
448
757
311
796
943
230
474
655
971
936
600
746
844
874
515
117
958
504
657
112
038
712
436
738
429
797
389
400
056
977
634
122
665
632
814
475
732
412
086
588
562
884
178
593
618
723
132
672
852
835
122
531
276
785
744
364
446
162
038
844
244
356
404
433
533
334
029
547
541
653
663
918
483
921
913
046
241
377
293
719
967
470
833
748
455
719
771
711
816
794
556
044
374
130
373
806
276
645
956
778
224
390
304
063
348
122
384
082
884
154
841
268
404
600
987
797
250
445
654
387
000
995
579
570
778
194
064
169
630
560
998
362
836
081
658
945
451
846
550
492
127
037
276
976
765
413
217
521
690
266
867
748
006
155
635
414
276
944
806
438
782
894
762
259
942
938
362
620
265
661
851
946
899
163
970
720
534
937
648
850
332
410
116
618
506
078
909
309
551
771
659
051
236
889
707
975
279
430
992
045
052
556
190
903
331
423
473
791
358
548
529
787
442
710
711
341
707
616
191
064
986
110
262
841
567
719
728
588
603
332
259
005
200
583
640
974
759
114
941
302
518
890
404
438
090
870
009
962
116
896
581
005
221
236
243
174
890
960
377
261
251
709
816
033
687
360
350
679
054
482
040
361
478
668
005
462
524
731
778
911
779
184
355
453
797
129
146
151
139
084
906
002
624
722
241
861
485
594
651
837
469
751
633
048
779
791
156
061
550
564
034
588
993
873
218
107
338
955
044
007
711
813
329
267
731
361
217
441
076
118
076
187
431
425
956
296
084
718
654
151
619
664
834
060
607
031
036
836
107
610
506
906
257
719
744
702
690
921
430
154
764
407
325
963
644
927
193
835
886
963
158
042
098
370
161
832
004
307
107
146
068
165
662
583
198
306
263
749
596
778
331
115
508
974
918
022
005
374
699
183
755
582
685
613
872
003
633
145
242
255
168
500
465
101
578
820
561
372
588
498
505
206
464
194
765
036
102
949
438
927
215
836
807
003
507
945
056
865
650
314
698
922
399
711
298
779
128
652
626
450
269
526
166
912
218
886
595
640
843
225
735
923
128
876
615
364
897
867
558
460
883
531
337
505
918
111
747
368
521
441
211
763
218
523
837
075
801
880
744
961
079
622
163
762
961
751
055
340
380
742
476
971
012
629
401
391
432
206
272
180
428
305
539
713
213
429
772
261
331
363
609
281
604
563
292
744
315
799
609
641
816
327
150
276
076
434
538
257
855
454
728
424
738
394
149
803
384
737
939
351
636
014
459
816
254
640
678
955
199
324
030
978
890
426
962
743
792
802
883
169
391
179
753
999
837
182
133
825
588
727
305
646
737
070
064
202
341
707
630
221
245
856
627
940
588
303
532
795
853
614
437
439
251
634
041
265
825
223
495
132
209
837
265
965
678
721
739
356
149
472
890
852
565
061
851
475
464
926
414
168
446
565
853
953
389
746
234
795
702
062
996
773
010
102
658
694
906
931
088
999
188
484
215
976
491
695
411
720
482
461
746
261
906
314
859
493
217
246
600
295
702
221
855
638
129
422
129
676
215
002
839
898
674
584
205
967
617
634
047
019
110
719
398
146
199
122
445
789
215
905
914
509
407
103
823
137
022
714
184
680
114
787
311
599
615
817
231
088
708
140
701
648
746
714
539
647
878
828
137
256
188
471
220
303
970
523
165
905
480
524
927
178
800
871
484
603
920
139
774
118
532
935
728
330
760
785
742
167
998
105
737
359
876
716
616
272
098
588
628
307
843
928
892
097
031
201
453
496
382
418
938
971
795
743
909
089
204
946
119
855
917
887
143
860
934
841
047
165
519
241
781
712
742
642
891
277
855
346
682
711
067
916
033
039
143
286
476
372
401
291
233
139
153
067
601
536
854
353
788
026
158
777
032
592
616
233
951
869
917
965
296
618
617
231
749
042
045
651
929
082
128
897
901
339
500
000
428
547
053
539
175
727
491
932
911
926
151
543
585
661
398
427
781
681
864
324
577
768
233
742
913
934
500
405
171
641
179
149
202
519
823
056
779
053
209
555
743
637
087
662
488
632
084
680
708
111
132
171
991
830
702
574
552
863
467
619
104
898
608
197
419
345
771
741
624
553
251
548
810
881
000
029
999
715
733
473
402
392
011
833
453
543
672
054
248
504
837
376
528
310
334
659
364
933
391
674
235
141
799
759
723
161
052
029
612
678
764
020
334
461
025
433
722
406
196
516
838
392
102
934
477
070
022
561
636
046
936
128
432
577
048
283
691
555
186
810
135
285
960
616
616
188
997
126
411
396
997
732
427
456
567
544
173
145
541
608
284
367
256
778
072
732
582
820
027
101
295
823
857
042
719
448
675
658
378
106
300
060
612
978
268
852
913
419
184
425
444
183
330
321
954
230
551
562
473
597
519
093
637
409
193
067
247
308
377
010
482
106
602
678
439
272
013
948
011
142
166
447
873
043
406
047
785
234
323
564
382
985
853
242
888
006
116
421
522
181
453
693
151
904
016
333
534
925
509
535
818
681
407
733
814
351
027
837
895
015
901
650
303
684
372
803
033
671
825
290
127
144
303
701
796
941
255
401
812
956
808
615
890
103
884
422
449
165
062
702
629
474
849
811
240
625
260
373
298
386
555
885
627
022
970
833
519
290
625
160
667
377
383
717
340
053
261
275
260
819
921
097
345
416
764
998
867
628
636
312
683
148
252
502
269
053
829
369
616
920
698
004
482
858
318
876
584
632
902
870
341
774
255
786
691
353
798
276
684
095
655
202
480
867
510
268
915
232
404
083
235
452
114
388
508
102
137
862
107
797
780
138
600
426
188
850
640
152
666
556
680
306
713
309
094
086
144
616
316
279
090
397
172
540
871
027
938
910
771
171
347
139
050
989
729
219
680
412
002
958
956
723
882
865
425
035
545
257
835
396
713
634
596
399
774
338
917
978
473
186
322
101
508
304
954
489
703
454
318
754
161
926
609
972
401
539
497
729
158
551
689
720
500
085
002
959
953
845
914
459
569
941
722
431
521
020
471
604
818
358
604
541
980
744
342
467
926
528
294
019
094
869
086
862
345
264
892
181
200
127
127
341
958
500
463
207
124
251
554
311
237
345
530
255
047
012
753
558
759
948
166
110
802
417
442
203
537
366
308
929
884
347
664
417
951
538
909
838
984
425
087
401
262
956
759
193
890
106
468
585
157
472
268
819
263
158
443
511
535
139
310
079
291
241
817
431
380
748
170
798
378
699
441
069
459
860
269
527
969
115
342
213
765
488
007
756
183
179
000
319
274
911
538
964
351
231
766
628
652
327
687
039
570
981
421
720
661
298
358
075
366
202
851
753
892
405
244
662
145
748
691
465
540
525
656
178
916
485
078
350
427
902
030
955
453
682
114
903
374
787
053
215
223
357
719
296
779
714
820
190
586
161
674
213
790
244
786
747
710
918
548
031
063
719
643
089
554
889
428
572
169
817
157
006
355
866
437
286
742
323
060
500
675
459
094
529
138
082
852
896
845
104
967
090
069
175
593
934
691
107
761
732
365
646
028
003
184
051
939
597
513
056
871
878
534
788
558
391
679
790
247
427
691
244
249
409
047
710
151
098
371
608
308
091
475
109
886
400
088
128
553
956
736
825
058
237
713
920
467
476
539
999
418
004
845
746
911
635
809
158
237
848
688
658
164
878
058
913
332
433
463
171
189
061
752
361
867
389
598
230
861
318
531
858
896
400
566
944
334
840
849
202
982
462
460
688
945
163
345
783
917
610
408
798
412
993
785
916
439
577
458
554
287
813
308
011
641
644
177
106
262
474
805
361
268
413
801
106
791
384
051
756
731
474
247
967
168
563
470
180
357
311
232
309
966
838
411
022
712
391
903
655
308
794
577
868
635
979
320
219
149
132
847
902
521
559
671
812
135
161
701
543
501
411
669
041
129
516
117
455
058
849
906
425
772
746
485
608
928
539
318
254
266
073
254
415
258
634
988
035
244
300
822
634
984
127
235
181
331
159
963
028
153
930
123
438
503
118
605
682
345
925
702
188
135
539
391
911
988
751
718
201
224
107
405
420
475
276
184
331
231
871
185
075
207
545
715
366
580
286
842
392
564
773
995
460
602
656
811
010
395
762
118
841
620
051
718
453
382
720
710
184
754
652
916
485
669
312
283
313
066
863
975
076
625
783
467
806
612
141
223
463
337
143
128
902
411
644
292
586
572
408
829
059
314
897
681
882
420
962
046
076
583
085
738
879
834
706
702
610
872
004
068
770
271
747
475
731
887
655
711
659
526
810
972
842
279
885
089
619
477
740
554
041
748
256
786
632
882
015
583
750
430
758
194
918
716
391
814
017
114
701
256
920
125
112
840
151
960
188
135
341
730
906
230
817
757
358
834
771
719
638
564
601
961
958
798
252
876
263
533
318
385
310
102
694
684
299
906
959
043
288
967
738
223
588
165
084
078
071
566
245
203
068
164
989
667
815
475
217
853
277
930
936
231
327
818
604
773
068
702
698
025
609
818
820
467
451
508
095
420
540
229
952
731
599
222
845
082
827
579
554
931
623
489
205
426
572
609
256
476
615
851
005
790
499
539
193
975
933
356
523
407
124
275
631
821
294
429
475
931
282
650
158
117
878
745
648
053
925
917
850
521
505
153
607
855
215
958
337
185
385
268
691
186
343
425
531
111
689
892
401
796
905
770
789
648
418
209
576
495
031
859
436
697
209
239
287
309
757
291
007
203
777
963
014
353
981
594
218
241
207
709
715
264
479
115
201
759
629
977
754
151
077
995
704
882
543
587
078
425
880
437
525
619
924
380
375
496
349
205
429
428
622
416
554
073
975
711
071
904
273
403
873
436
246
135
630
493
765
604
944
229
609
958
128
016
535
413
880
686
309
141
674
550
266
383
205
980
889
910
743
276
591
344
702
510
839
191
817
412
393
883
563
889
118
775
193
035
208
353
280
841
408
127
500
401
185
318
706
960
370
066
676
499
690
714
042
517
538
987
185
286
278
621
169
081
605
470
214
476
066
341
160
151
217
919
383
663
762
715
778
109
106
584
695
059
122
968
104
388
940
850
925
302
222
265
811
431
256
190
312
834
456
033
812
656
868
284
056
298
612
850
766
582
144
865
430
095
250
902
021
751
501
385
640
853
342
251
563
974
524
577
113
605
856
046
873
068
319
716
114
670
948
336
338
965
528
001
817
948
299
004
468
970
793
914
471
540
557
759
262
752
300
240
020
743
865
124
033
207
399
359
757
350
278
779
317
643
882
121
068
246
501
246
835
592
426
077
432
318
728
640
274
665
425
087
570
635
436
172
464
241
344
023
295
586
158
351
286
215
727
735
639
336
451
054
235
918
287
968
462
034
093
790
346
990
865
861
107
177
583
138
823
548
239
950
913
418
991
681
241
052
940
707
445
686
676
335
030
340
504
790
284
433
717
883
045
815
596
254
270
533
780
030
505
804
069
415
339
523
563
028
389
906
131
945
334
669
309
037
229
650
924
120
116
154
092
453
998
888
888
870
339
748
479
941
881
560
049
054
486
275
562
043
495
175
934
763
024
802
346
574
769
896
432
069
086
060
088
842
607
858
184
246
946
759
957
635
681
540
327
312
408
509
366
224
185
207
434
156
302
344
424
793
451
748
232
040
319
105
520
676
499
376
734
328
826
466
569
035
061
379
034
469
192
536
652
790
342
650
897
270
196
686
716
163
352
788
336
978
961
113
086
525
866
909
173
674
540
587
170
851
259
152
031
247
764
956
523
822
241
671
107
105
313
261
837
886
578
847
385
662
465
666
565
804
230
129
583
001
626
444
247
611
278
529
183
025
984
021
818
791
582
719
449
224
187
169
105
250
561
525
368
633
666
930
618
426
900
924
601
001
943
444
026
607
998
120
860
742
244
579
199
137
461
136
944
509
790
287
995
574
359
520
183
497
240
029
487
948
110
230
794
746
074
421
836
459
872
320
130
626
381
274
305
851
054
598
053
298
909
529
891
385
541
957
691
537
298
834
665
086
723
125
408
260
255
012
749
834
850
815
309
396
206
649
901
941
197
226
041
734
905
972
102
770
175
889
963
970
326
516
042
933
672
654
899
718
699
405
595
729
501
112
251
134
087
151
641
969
987
102
613
028
431
105
088
955
489
317
500
216
672
881
712
985
078
927
418
566
646
862
925
786
948
251
986
198
253
190
414
443
414
314
805
626
704
303
932
756
925
741
986
372
443
503
657
329
938
072
175
482
953
202
456
466
764
585
295
132
629
751
541
591
772
139
150
631
105
073
264
231
943
281
835
831
787
718
279
445
997
441
911
931
035
016
563
157
476
514
439
730
191
435
766
820
887
874
497
944
307
865
692
750
023
761
901
195
492
169
528
315
317
709
137
869
939
202
795
776
931
097
111
987
429
115
478
327
750
020
318
143
421
217
394
576
277
970
962
057
483
438
415
617
372
700
067
009
293
697
992
505
681
671
953
425
894
516
151
838
061
411
958
496
679
657
173
685
221
751
875
428
196
970
205
755
137
561
038
000
191
826
626
880
238
443
784
752
764
339
366
303
750
399
034
236
834
683
818
571
235
847
910
320
195
820
598
432
402
765
702
740
527
122
071
737
479
344
670
530
776
554
654
234
196
434
393
262
645
615
461
446
428
317
979
935
030
125
901
405
552
902
818
478
597
775
515
315
282
149
502
435
268
188
049
201
650
106
360
436
285
024
399
668
288
456
247
378
445
870
384
280
983
168
140
905
456
104
357
960
636
467
930
058
582
097
879
169
305
476
360
734
001
244
566
346
752
315
240
329
830
800
141
047
225
079
313
841
777
696
651
489
806
137
810
413
862
359
361
584
605
173
896
270
429
001
201
017
761
472
714
618
352
899
414
094
601
495
513
506
439
105
754
562
316
241
647
109
847
602
562
475
475
413
530
703
540
039
203
243
513
210
952
656
296
000
911
925
782
496
122
519
198
537
218
800
791
109
267
676
492
572
833
096
237
662
766
319
099
584
568
181
766
358
361
180
971
985
669
736
126
583
017
890
423
682
382
244
067
594
349
818
269
713
943
390
881
413
618
318
421
893
760
124
325
230
759
306
004
399
913
731
543
342
886
930
039
631
892
777
398
379
548
428
377
831
539
973
228
860
990
222
288
558
356
650
045
233
413
527
901
480
564
300
822
842
374
579
703
595
728
241
433
631
016
889
748
309
480
186
096
520
922
069
830
292
738
628
008
530
908
719
842
465
266
424
150
566
373
598
612
393
698
303
827
302
522
758
809
747
204
926
162
231
820
324
412
290
655
983
305
420
343
196
235
384
306
043
749
029
461
901
534
472
809
703
967
892
998
953
772
099
380
456
127
711
798
676
544
642
024
558
381
443
852
021
017
789
555
417
763
598
300
281
567
836
521
829
013
887
179
923
834
329
005
999
945
844
684
122
713
206
112
941
014
134
054
564
335
151
298
500
021
357
613
175
745
735
178
502
040
444
266
124
239
867
741
890
915
805
631
887
772
991
094
579
106
222
528
238
859
348
518
647
414
535
934
940
604
071
496
603
004
709
360
057
114
141
220
009
526
948
122
463
221
036
474
377
283
558
616
988
167
409
465
477
167
933
706
807
674
394
365
193
076
897
253
974
839
184
998
000
749
638
622
426
238
653
571
556
532
275
387
335
350
832
252
263
260
384
177
014
495
441
220
157
127
024
551
771
082
284
668
149
729
796
078
783
211
209
990
811
743
605
543
591
753
450
201
075
437
592
893
893
766
943
430
423
046
549
104
536
793
777
397
843
826
739
770
476
440
130
887
733
186
276
218
456
699
007
080
025
658
678
815
283
034
793
589
037
040
939
522
110
105
456
300
591
782
578
904
805
648
312
116
571
913
669
986
159
184
653
762
279
370
912
914
225
264
956
418
318
091
342
942
662
600
953
297
723
497
081
036
603
118
989
666
997
952
529
580
176
405
461
937
487
236
941
274
490
388
565
652
310
446
519
804
237
475
345
826
927
403
158
886
437
243
785
266
530
263
150
207
507
664
823
296
790
624
468
034
635
462
344
807
126
812
567
599
479
540
730
457
448
659
759
161
322
908
509
456
504
901
429
088
308
632
318
007
720
302
529
583
221
037
631
857
494
250
335
674
614
382
379
970
558
030
779
558
020
790
885
825
490
063
692
197
888
392
966
108
516
019
294
936
311
206
431
